299
300
301
309
337
341
351
380
484
487
495
501
546
547
606
607
672
673
675
733
793
794
795
796
797
798
799
800
803
804
810
857
858
859
860
861
862
863
864
866
876
920
921
922
923
924
929
930
932
934
939
981
982
983
984
991
998
1002
1003
1036
1037
1038
1039
1040
1051
1053
1071
1090
1091
1092
1093
1094
1100
1103
1108
1114
1121
1122
1142
1143
1145
1146
1147
1148
1149
1172
1173
1176
1177
1179
1180
1197
1202
1203
1204
1205
1214
1215
1216
1217
1229
1230
1231
1232
1234
1255
1258
1259
1260
1261
1263
1268
1271
1272
1273
1274
1275
1286
1287
1288
1289
1290
1291
1301
1320
1321
1322
1324
1325
1326
1327
1331
1340
1341
1342
1353
1354
1355
1356
1357
1367
1391
1398
1404
1405
1406
1407
1408
1409
1424
1431
1432
1433
1434
1454
1461
1462
1467
1469
1470
1471
1472
1473
1474
1482
1483
1484
1486
1488
1489
1490
1491
1492
1512
1514
1515
1516
1517
1518
1519
1520
1522
1523
1530
1531
1532
1541
1543
1544
1546
1547
1548
1549
1575
1576
1578
1579
1581
1582
1583
1584
1590
1591
1593
1594
1603
1604
1605
1606
1607
1608
1609
1629
1630
1634
1635
1636
1637
1638
1640
1641
1642
1643
1644
1649
1650
1651
1652
1653
1661
1662
1665
1666
1687
1690
1692
1693
1694
1695
1696
1697
1698
1699
1700
1703
1706
1707
1708
1715
1716
1717
1719
1740
1741
1742
1743
1745
1746
1747
1748
1749
1750
1751
1752
1753
1754
1755
1758
1760
1761
1762
1771
1772
1795
1796
1797
1798
1799
1800
1801
1803
1804
1805
1806
1807
1808
1809
1810
1811
1812
1813
1849
1856
1857
1858
1859
1860
1861
1862
1863
1864
1865
1866
1867
1868
1873
1879
1883
1914
1915
1916
1917
1918
1919
1920
1921
1922
1923
1924
1935
1936
1971
1972
1973
1974
1975
1976
1977
1978
1979
2027
2028
2029
2030
2031
2032
2033
2034
2038
2039
2040
2046
2087
2088
2089
2090
2134
2135
2136
2171
2173
2174
2175
2213
2214
2215
2216
2217
2250
2251
2286
